38710.502247956933156 0.415060920726226
0.306139647644648 0.302361171103283
0.36371024575186 0.31724755253453
0.595293180387899 0.395343713455634
0.415772330839436 0.332483190610143
0.193841726346424 0.210550229301965
0.194430190440218 0.219702081597353
0.381252278574292 0.341684253006003
0.480223821469365 0.416942832292665
0.311572177858902 0.308085842491446
0.375564994171499 0.325602060157574
0.611852779947423 0.392608216478329
0.424082795121579 0.334273538711276
0.188170243053065 0.206791882655678
0.18669414307823 0.216441178655676
0.356266370982541 0.335379664344628
0.485655731284686 0.414116388250647
0.324574156746473 0.308109682058202
0.392217642103412 0.318490412937341
0.637183110405542 0.378894507125272
0.434388100404415 0.326904855541969
0.195472854056288 0.212878173497119
0.184070853009657 0.212442013262284
0.349411888884703 0.33375392039541
0.447699913640659 0.394728664165419
0.319330154948328 0.294603789420218
0.407177580005889 0.308081570206877
0.712511845518869 0.350803908945607
0.511613787768986 0.318393551759854
0.200479527902786 0.201071910734344
0.179301895967244 0.205536398521064
0.322599715899793 0.32274126506682
0.47459495498685 0.405332555375269
0.31160845260637 0.29305494474774
0.393942135210057 0.31123557258036
0.697547391068563 0.359008423451682
0.476682815681402 0.319990421508568
0.190712021330568 0.199427030612614
0.179867494980668 0.209105429143612
0.328825294959918 0.318915677447085
0.468712820503206 0.411602824957867
0.301900796933392 0.298816511360617
0.389948570779764 0.31738956230842
0.664050170442619 0.375410464055804
0.442364387313066 0.327557667631211
0.190785438989081 0.208899457754587
0.183623665723362 0.21265009030053
0.340594346966576 0.328825888581074
0.453896056233107 0.417213907894042
0.295570809917404 0.306496088391794
0.381142815858418 0.317384641397821
0.661193406657328 0.377376270706629
0.435655315726605 0.327455961116399
0.18886947069229 0.210701663669738
0.179012821911846 0.215570564674612
0.332213066260756 0.331365467241629
0 0
0 0
0 0
0 0
0 0
0 0
0 0
0 0
0.499092950002062 0.417126064076242
0.303209559197288 0.301938348389833
0.363214104187809 0.318128524819875
0.607788481279121 0.3950505118071
0.404354803845767 0.334113376134548
0.186561779291457 0.207317210627921
0.18761997862022 0.21122600936875
0.370256060910142 0.338139065729203
0.470405669676347 0.413230518673315
0.307232332643356 0.308693390481948
0.384315023863353 0.327007419804061
0.635731226927138 0.382846654824206
0.409583331228892 0.332038223911374
0.18522077485331 0.208296659171653
0.177453682961934 0.213161869090863
0.344822201848841 0.332053553008235
0.607453640739839 0.407117534376572
0.3298696756757 0.284191319242902
0.36631618331116 0.299662160630909
0.588025650200902 0.381523891759909
0.387395959646179 0.317943968223705
0.171795575540764 0.186771217641721
0.183892935020399 0.197871426390842
0.413731597236196 0.318472825734397
0.638210961784762 0.403756196813478
0.355034444592527 0.28483397263027
0.373312838557214 0.287754693149914
0.584059868799438 0.36981910255108
0.437359244443353 0.327635138554287
0.178735124383813 0.183591605948761
0.178845063231436 0.186808471562635
0.39478850874687 0.302633788537348
0.67352959130862 0.39579528356693
0.341313408590272 0.27229356478994
0.353436156101328 0.284217884315305
0.553816424532007 0.373757354237675
0.388557845453781 0.320010494247911
0.164732666959367 0.180373780470934
0.174432723656286 0.175543990074761
0.425527151672829 0.304520907655095
0.524222381519684 0.415413253349651
0.306640903947471 0.293620993904675
0.377609721258753 0.303280699708307
0.645300589193422 0.378533866777174
0.404173435971961 0.3218043952796
0.172544714512226 0.194490410657577
0.178297548579498 0.202719930568882
0.370060783080724 0.324207114032942
0.44538880656821 0.418649213799624
0.285117683944455 0.299667934718821
0.385121457717323 0.312062003336949
0.673954077782068 0.372175341611693
0.421714729933562 0.329247654472243
0.178172854183363 0.203701697737013
0.167164897100239 0.208328814765262
0.324498004632495 0.330740685922863
0 0
0 0
0 0
0 0
0 0
0 0
0 0
0 0
0.493423284978412 0.416885758613413
0.30286288923793 0.297566229045793
0.373412177781785 0.323607349969491
0.617464823945702 0.388569202489865
0.411559835431202 0.332773297680318
0.186872619895437 0.20429364040886
0.189529964952599 0.214436469803059
0.359969900592943 0.330218621615328
0.479913675768199 0.414938705172755
0.312092212607179 0.302860259821933
0.385046771455516 0.320629729291856
0.655583881771731 0.378260739483547
0.42415910492957 0.330295265278814
0.177922102151974 0.201659893603202
0.173739694285891 0.206826444233439
0.342654606490775 0.325636920481243
0.646028321183803 0.399345444643401
0.351117759258531 0.2806402633038
0.357679127571655 0.283801751049818
0.579992210046438 0.379063248787787
0.39429417591772 0.313310115564567
0.172553972242358 0.175715515130356
0.189815052648324 0.186038983807357
0.437982471134091 0.313569960453329
0.724060094218583 0.373417449018996
0.381877844069837 0.283298795748278
0.354735360303049 0.288557738369208
0.501081035433477 0.377776125428686
0.394441431516734 0.325342156010149
0.187850599914589 0.186127613440256
0.211137774219008 0.192401512835361
0.470725511849596 0.30350851918563
0.740282491930705 0.360544921851358
0.386161339280632 0.276910787560682
0.370740810003554 0.285349809930248
0.518811229766532 0.368143401848698
0.382729439540506 0.305868314520653
0.180500643279233 0.174701489701833
0.214956657349913 0.189415147857318
0.488608558675468 0.295112949374904
0.54136520703002 0.410117105257511
0.325985227211193 0.291170072146863
0.40201044870681 0.302035024163505
0.662363761659323 0.367198388984186
0.424820749881504 0.315393645574434
0.178917514844753 0.191667619329747
0.17948322623881 0.190368644475138
0.379093552499435 0.317802084266156
0.454797681230494 0.413857580221561
0.295887495855048 0.299792350478146
0.399156058264655 0.317908189662287
0.67927268046854 0.369361966880517
0.432375662303302 0.331443568915876
0.181150210250214 0.204112992137159
0.165095843599079 0.201978813217186
0.324699473994474 0.320419882954072
0 0
0 0
0 0
0 0
0 0
0 0
0 0
0 0
0.497611689984219 0.41222362448879
0.30640907271086 0.298954481305685
0.372663610201263 0.31727741327889
0.613614706562178 0.393601151902586
0.424840597330935 0.344043988289121
0.191621049718334 0.209640005370233
0.18496664048232 0.210237892756784
0.36857348484139 0.332316488653127
0.605579212002862 0.409368777137315
0.317944715786422 0.28469711970553
0.358795180509468 0.303722560022143
0.557085213887531 0.390370541135416
0.386263167746995 0.336256526447245
0.160985528249404 0.182362926432721
0.165429073401533 0.181891484903424
0.3989503567459 0.314475090477214
0.687716552529371 0.389992940452508
0.350805175240584 0.275536215453197
0.358356532998993 0.297728079866354
0.500601793293755 0.386882604998088
0.357698503160285 0.320110168573299
0.159324411473263 0.17442006113354
0.172482037701211 0.178507445164337
0.417474660944714 0.291375129599825
0.606078545760928 0.405273732001771
0.355782351600455 0.299049878563098
0.36330328922304 0.312798674197446
0.514969089763536 0.397280759464182
0.410376566090267 0.351901265826538
0.180692973555345 0.200873464540021
0.188267595252564 0.205204374644627
0.393201747661622 0.310671079881512
0.666166825511102 0.380868843134104
0.389305078528689 0.296806250009865
0.404624283943735 0.312421191321153
0.533911832061543 0.378517134614735
0.385586593969425 0.318274727379376
0.178704360996555 0.186884152611584
0.19563638471169 0.197061511236837
0.423042625912281 0.297989342187131
0.652199073193979 0.392383306431858
0.3788543108607 0.293772505067774
0.402641223183345 0.2992075217134
0.564308425603212 0.373551057782306
0.381376153038701 0.320044422209966
0.169277905159924 0.178853986158757
0.176488653955766 0.179618372606655
0.406781493320564 0.295337988956664
0.508937466323151 0.409288175219967
0.320361118901423 0.297306714715656
0.404188230803712 0.313372942437903
0.641942334026834 0.378411853519164
0.425847027855111 0.333558334024872
0.181108738727352 0.197727619951897
0.170898883456633 0.197646694984701
0.35044454011137 0.316025715050274
0 0
0 0
0 0
0 0
0 0
0 0
0 0
0 0
0.528703463369188 0.412255459457776
0.306476128785393 0.293041045885831
0.370413791516628 0.323370763083399
0.581302771904032 0.397921129986953
0.410731829686855 0.341306550718407
0.194339628087526 0.21203288194632
0.184823280376354 0.208033844054383
0.38761234925569 0.332096915090783
0.736373577336221 0.375518709754684
0.294407749121027 0.264351105781633
0.276993771121065 0.269073675597399
0.415315796420251 0.384239736333399
0.302193862118753 0.322512010437813
0.142015614291329 0.168035006947335
0.161289314632584 0.175275122448616
0.475006079231948 0.295370279500097
0.771246677246286 0.368279978357741
0.28749467123654 0.285859524896655
0.248729718363192 0.290366867517651
0.307684598713502 0.358037477962108
0.232692090457017 0.288268530939042
0.116266909080193 0.164311596275915
0.146961608151341 0.183898290492741
0.473111735068375 0.303972110396031
0.551818783828535 0.441313136560518
0.270722386434441 0.310081822484246
0.26522722605253 0.320564206769462
0.350801417953184 0.388256303743947
0.294477123271282 0.345559791391269
0.123967509907657 0.185138630668862
0.148820762205662 0.216746836757832
0.349909404773882 0.33257933395005
0.643962708818869 0.42333262021944
0.282363775715297 0.301346336924428
0.278589100749199 0.324277162254016
0.34127130023091 0.383163917919753
0.259015793291271 0.314942792415308
0.126019943247253 0.184878666866702
0.146236514582777 0.199500382134529
0.402449358805381 0.327466666316955
0.793107305566059 0.349498439773251
0.313442016568962 0.279638207532076
0.276101929154868 0.286814402407375
0.333689307967199 0.356540738517596
0.249358225287352 0.295256528343014
0.126393729748069 0.157079547641382
0.156224859850152 0.171438061696757
0.486552709762177 0.284454491225526
0.611848647100406 0.397822863695683
0.320810095808132 0.288881059281736
0.373701951977513 0.307174170671736
0.562342498427292 0.387984646939942
0.401112985277072 0.336921422122198
0.177895824706533 0.197573704028352
0.178462776518685 0.197200972713459
0.412385224109192 0.308906458192797
0 0
0 0
0 0
0 0
0 0
0 0
0 0
0 0
0.558418285392645 0.409490689596966
0.306497844127836 0.293075777523549
0.371618433936673 0.318817841251804
0.554987115125302 0.398667645531257
0.4044535257376 0.33901914483476
0.187232168977544 0.204741935079644
0.184832418958186 0.204341647927118
0.409825792885235 0.332486683601916
0.783461390332146 0.357405218905572
0.281405989783911 0.259537322609846
0.24522230386454 0.256560800400152
0.346745959873684 0.362092296447044
0.263687546215437 0.306242747856904
0.129806992962852 0.162034441491229
0.165894964096254 0.180302967973627
0.522947533114844 0.295648714079015
0.750284532404564 0.390504094437349
0.245011404314151 0.273304695857721
0.202007176485288 0.271499974931692
0.237197245957171 0.328356909211644
0.190125706146087 0.276293901363689
0.101520244667662 0.156490947957068
0.142632953971538 0.190672763439971
0.499627655013786 0.327499867034353
0.53400664977865 0.455775343022976
0.228261538857974 0.301982634772267
0.208221697437261 0.306397250574849
0.257095537932017 0.362788692940744
0.20347868726372 0.309046899210105
0.105465279602778 0.187392844493698
0.126267042576649 0.207504394893094
0.344742123871701 0.351426396560422
0.623169953660576 0.440979360731406
0.237318137595543 0.296527047293144
0.206303743288273 0.297731793508426
0.233671917215815 0.34299856296439
0.194643940990832 0.297265014347255
0.105062171081223 0.185773503267345
0.135704094456839 0.210735953995829
0.410510879798615 0.350498884230027
0.814795559931867 0.345159982346494
0.274809328092393 0.264660331375845
0.217994998999756 0.251314689488758
0.258550217981686 0.321512079064611
0.203264732339769 0.269057838721468
0.115273795067399 0.162682286289481
0.153783298363523 0.179483402812212
0.542420436635862 0.298947562959147
0.686583043033273 0.3857513325017
0.310820957442596 0.268977174805563
0.331867973805455 0.28739636432822
0.497455179585215 0.389419056000528
0.366150033500481 0.334790707519245
0.166321209351212 0.186108317823026
0.176473501644109 0.18257601724807
0.471205048372662 0.307882586409349
0 0
0 0
0 0
0 0
0 0
0 0
0 0
0 0
0.569768013481823 0.412609912194973
0.306916404859067 0.289135405250553
0.372706792245515 0.319914731250408
0.547789683060981 0.395101240182548
0.409951422497288 0.346666720085709
0.188277741882939 0.205777379547432
0.187516075550059 0.206123103511073
0.410385242732253 0.32806869287515
0.765993213681617 0.363651839377346
0.290076811669683 0.264298049907942
0.270250422660636 0.276019773927036
0.362978282821846 0.370228518862329
0.28124946881881 0.31845737390344
0.135757918806794 0.170806029799732
0.165314313783944 0.180416603239787
0.521965713279904 0.305572271475649
0.737818691157501 0.392720750066291
0.255792921917136 0.280466602089253
0.214990817900584 0.280642051461715
0.251717351402032 0.335873307911358
0.204289374898304 0.286212435842849
0.114062631125864 0.17757687203979
0.148084323844232 0.198402192884253
0.492917655017087 0.328638657044164
0.486731006729712 0.452270939069071
0.211497074133591 0.293628087038127
0.207000987573465 0.306398555518917
0.28055142717678 0.382002688950602
0.229941275606889 0.332607235249496
0.10596712297625 0.194363887987926
0.11715006218269 0.201576377134161
0.321021880576297 0.349444131955642
0.615327155174703 0.441083318345181
0.232729908077225 0.29216264128305
0.199479876826891 0.286439178028556
0.251660949215668 0.356511143077619
0.20396487432039 0.303272915468102
0.103173080317987 0.176629078051006
0.131512479946952 0.207291859895166
0.410603348749421 0.352276768072419
0.796560736589838 0.355737443131107
0.281952699985345 0.269955349870508
0.230057888640487 0.264333718311672
0.281912572382009 0.339384073255829
0.226718162912543 0.292905982819119
0.121115296459327 0.164619510175016
0.161759168976276 0.188162213793281
0.534444294625461 0.30648174458571
0.679686239930661 0.390684842908152
0.302678484290293 0.26988739199884
0.323641449502217 0.29259397356547
0.48127957808373 0.392574238617308
0.358236882604661 0.341043986834452
0.161503829324468 0.188642098708221
0.174432059018328 0.184148730265607
0.46442801661109 0.310444436811887
0 0
0 0
0 0
0 0
0 0
0 0
0 0
0 0
0.56066353511507 0.409136224060254
0.313234570140976 0.291061417746039
0.377588331492945 0.317657899010954
0.552460281079232 0.392713561211332
0.414142182643459 0.349832579695276
0.188557171417019 0.206605101507102
0.189209741585123 0.20373937040486
0.414498935624412 0.33698617403294
0.735274355932907 0.378746632260302
0.306866836759739 0.264299141990144
0.291352870280211 0.280424928494169
0.406359405607708 0.377430864833767
0.305638580048205 0.322708808237935
0.146679746330379 0.16712715392869
0.179559525323719 0.184507882103939
0.515064555400267 0.31338641554878
0.743794470666507 0.385543559615178
0.274580046841531 0.276396070746896
0.230844581939253 0.280978479091907
0.299184039539942 0.351111207554851
0.246044988143449 0.309574189324327
0.121782260056267 0.169858894232736
0.159975551733773 0.194906319853457
0.520932295748945 0.327885444717571
0.425204942131006 0.442171190214019
0.193932032184947 0.280714545738372
0.214851247480664 0.313161296217099
0.355242182026218 0.415014135086327
0.289737050417446 0.365036468246321
0.108344982050261 0.193189951390043
0.111622542301898 0.200252332377438
0.279414323827161 0.337535853312818
0.594450750713001 0.433835820916261
0.238919921423128 0.286283907608202
0.22761416891532 0.301916556297524
0.334217207563078 0.394236344205473
0.275065146215083 0.345294805640728
0.11630975670193 0.188790198873582
0.140436689609008 0.205506170772878
0.406594292930027 0.349970740673408
0.779798688168763 0.363323404840167
0.295755407629567 0.266315193246205
0.251254644515813 0.268581968263517
0.328727556443555 0.354788528245933
0.257659036601436 0.302020287683183
0.131385680423528 0.165534863123452
0.174663204715152 0.186908934995553
0.537226533258126 0.30924644725191
0.640369067758055 0.402800284095574
0.308817541495002 0.273250412315313
0.341255558392544 0.305155621696124
0.509982312599053 0.395733196349841
0.371722550218715 0.341742368981994
0.163826514123038 0.187140571666495
0.173270908820228 0.185829558223938
0.442065230088472 0.321297635679125
0 0
0 0
0 0
0 0
0 0
0 0
0 0
0 0
0.531423011149064 0.410029800889254
0.324945400816296 0.303465985489878
0.395191837200817 0.330737893808654
0.578487836287986 0.391674158207639
0.432008518351642 0.34800227902352
0.195714577312168 0.211899390755122
0.193274380696456 0.212806126503136
0.389679595773683 0.331282485303066
0.676012049821761 0.392894183771903
0.322418565362898 0.278084234487606
0.338331759625094 0.298735303404714
0.482733523850388 0.386626025058618
0.367912002608182 0.33564774807325
0.166979092242568 0.1865479408075
0.189460460058705 0.193283165934142
0.472597212645915 0.320219444158965
0.758088649677854 0.376688467168444
0.264838697289405 0.252161962735383
0.226693826528601 0.260471252397671
0.327412373647123 0.35632677430283
0.261067247695719 0.30881303567098
0.124007944756981 0.161607213643651
0.15589049586714 0.178102643306869
0.530297345122613 0.325987082393311
0.509113432533723 0.446746947203107
0.195578476948434 0.27692212113797
0.196066099545264 0.295078567799501
0.34459224834199 0.406789080688348
0.295925704828502 0.36826719482609
0.115416849388117 0.203349354390829
0.117523057760396 0.201703271129333
0.314316393286894 0.336777306143385
0.645634876637284 0.422412935652307
0.228297204795471 0.272839668420128
0.210469198100066 0.280939047858875
0.337189404409498 0.387205176520447
0.282990116518721 0.346228980077357
0.118190894914332 0.185043618806058
0.136644614323058 0.19559457655182
0.439118175623249 0.347330227106078
0.757875888404135 0.367091557197941
0.299748503373519 0.257445499636465
0.26873200947529 0.262520460624957
0.386552971952073 0.367415440885039
0.302210215296167 0.31862595415918
0.142925799695462 0.163367200238925
0.177265801206202 0.177069592826267
0.543072779244281 0.314533426967088
0.580179160172242 0.409564936066364
0.333029222717012 0.293106417386909
0.386604732296807 0.319301453971323
0.561911300869114 0.386349442102129
0.416154630765371 0.344952037547223
0.184329515500598 0.20253295054731
0.186715495666319 0.19934573950937
0.41637904045358 0.331760278306002
0 0
0 0
0 0
0 0
0 0
0 0
0 0
0 0
0.502452363565278 0.414869955776998
0.324422217973488 0.307703636454359
0.398554565702562 0.34100122204676
0.564166255036162 0.392449157535866
0.429526885181812 0.352292472963048
0.201596212487339 0.221282690349794
0.190373532593133 0.21457294460524
0.356937552942528 0.326763613923121
0.585617671140622 0.410251499153598
0.31828179434678 0.291189384381017
0.375611264144704 0.324949645189159
0.53451229175406 0.389725373944522
0.398394590732214 0.346726898722408
0.178443035391599 0.199719850397712
0.177129458660586 0.195288845314434
0.411243630391027 0.328468303653421
0.779047530248989 0.362281507613196
0.249149785925991 0.248142611572116
0.21762074668993 0.252161978827901
0.30462734380824 0.344158557186714
0.243150038442336 0.300079167007997
0.115652952403012 0.156060380582996
0.148631048669547 0.172406597663068
0.539064684702318 0.318164433885463
0.714396008078391 0.415400122414264
0.186761630383625 0.249367726338293
0.149222395030598 0.247068238769763
0.208832564288801 0.328920064231925
0.169329335379434 0.28255565526876
0.0834530841879637 0.158556232714894
0.115068050429323 0.182600214050702
0.459347647662173 0.338708313767231
0.7506057198112 0.391387957877016
0.203874257023154 0.245428059622788
0.175246792221579 0.255725492511693
0.236549311530185 0.335177777185681
0.192591223278949 0.292508078638203
0.0888785214431139 0.1505854254789
0.122921436789774 0.176421178714412
0.493441386393735 0.327833340282618
0.73850149272221 0.371640363997079
0.283550863842078 0.250821774402217
0.286191957411617 0.277973845897875
0.411698040269624 0.375648221204882
0.326623394482898 0.333415940204051
0.146723283401605 0.174576242889958
0.169597443815362 0.178985232727704
0.520404000709074 0.314190390262538
0.503341154272718 0.410223996546848
0.326317981986444 0.308418014991341
0.416730991450411 0.342449223828684
0.579509743016085 0.385896539651375
0.435859357891616 0.349776591832856
0.196071265856474 0.221829215588397
0.178957154625607 0.199402219896972
0.354686460906322 0.321674244737972
0 0
0 0
0 0
0 0
0 0
0 0
0 0
0 0
0.487880741326041 0.409282834094533
0.326211594106513 0.311065654634839
0.410200893295026 0.343620882152608
0.565197595980984 0.395628491794143
0.427438028815492 0.350839275247557
0.198718080329712 0.217364884830295
0.189755272993939 0.211822345149737
0.344143361403063 0.322882780780653
0.525087882556648 0.414485391482484
0.328852831186581 0.310508370165172
0.397124630825133 0.336363937173611
0.547703331439833 0.39380767364992
0.412268627262707 0.350449483307912
0.181338257657822 0.207604866535427
0.179077310081272 0.205757222525981
0.372884064588722 0.330445082275558
0.764801389419382 0.363040555721457
0.279517868561398 0.26283233318069
0.245175841450884 0.267659011413802
0.328238634898339 0.359168590607797
0.253143979745331 0.303332816666562
0.126925589469603 0.164402493927911
0.162409083455564 0.177838184685689
0.546556985992154 0.321039429530619
0.776689494906118 0.381406430342143
0.211560795993071 0.241964767689752
0.165542766279814 0.242436541817599
0.204197804614718 0.31232282399895
0.151686511273866 0.250724612487286
0.0847804963047869 0.141989039675049
0.131859224133393 0.174840656647886
0.540204829431241 0.327372013256689
0.774360852766165 0.377005387822935
0.229997578143662 0.244962372379027
0.195700653808952 0.259577509893672
0.248951298295364 0.337230430807639
0.185152821197338 0.274499037178839
0.0929517238736499 0.144738432745525
0.135147757354274 0.171376682697669
0.529680092094138 0.320630587269468
0.684463051901406 0.390971819063512
0.294086863925438 0.267235851500991
0.315772240628635 0.30351661422182
0.437656121953766 0.387503420157972
0.342772397309161 0.341831500856466
0.14849521379915 0.177742849197623
0.169323128165961 0.183116877034763
0.483041753951779 0.324144637329668
0.467893561611163 0.408825867375515
0.332835523650778 0.317832926215622
0.431695588186886 0.348674842983344
0.577941907689219 0.388820246569885
0.434481687437444 0.350055985606647
0.192162612308268 0.212031670052133
0.181886383344342 0.211514478719295
0.327403064761253 0.321705951637449
0 0
0 0
0 0
0 0
0 0
0 0
0 0
0 0
0.469999969051056 0.402468969850123
0.343628779057658 0.323277947635977
0.430076143541957 0.356042390846507
0.558038476801874 0.393543074971275
0.426741885645779 0.347684381557886
0.210407912983068 0.228788949201689
0.198663800059825 0.22331071673155
0.338867790625919 0.322224635620926
0.509709069009479 0.417379971112492
0.331610420500334 0.311825893858021
0.408089593458258 0.345472564593014
0.544183479764195 0.392996760619694
0.409508802573522 0.347105275334853
0.194193124141976 0.217871914756605
0.184994384806889 0.212186955751632
0.360649856093966 0.330139240040483
0.755777118927495 0.369570463839604
0.279150121254898 0.264090340184732
0.264337982189414 0.285747669263981
0.342718876264094 0.365426113127683
0.261584768604917 0.309591776372403
0.127352039566087 0.166746601619368
0.164903944235048 0.185621002695787
0.532970530282657 0.320020541735042
0.788634042393198 0.368242765747629
0.224417126361734 0.241415974893602
0.191865957980252 0.257138469812179
0.229401827805602 0.324687090937874
0.168439267618951 0.255360029095783
0.0896610258354268 0.141179817420323
0.137123698627904 0.167703926354868
0.549003326861432 0.32002751744597
0.771604786086871 0.376841965483957
0.232483493762769 0.241606603370056
0.214232582283512 0.273074664159716
0.262865960067492 0.34282044420089
0.192951394691322 0.274197567506854
0.093891816844914 0.141689542395016
0.13339190886437 0.161435828088481
0.526271079219175 0.324793255597631
0.649188977667402 0.405775529996704
0.297436217058188 0.277044960117927
0.342093099156951 0.324085362894504
0.437533959801095 0.388250731611975
0.33326552366923 0.337543199132078
0.149744074219307 0.183850061393462
0.167925550132745 0.186681268357153
0.458175733563635 0.329415783306321
0.444686900981413 0.405069115190947
0.339446901819529 0.318103057458018
0.451158756753264 0.35845233120323
0.58036783457094 0.385999194156112
0.431000050848041 0.348124516936848
0.193767806784919 0.218040496384826
0.184250926131922 0.211287686031622
0.315576165642188 0.316063720390987
0 0
0 0
0 0
0 0
0 0
0 0
0 0
0 0
0.471440396796853 0.400403358023179
0.377539634828012 0.337013336747715
0.443834544902052 0.354577513993533
0.546176805509193 0.392527491985504
0.425513007382166 0.353172748248481
0.217798350920799 0.233498624236763
0.211368898376683 0.228602151833657
0.342756525921924 0.321964787275421
0.487324487807571 0.412035159306016
0.353400158457693 0.324065209851893
0.424211631131459 0.350973680765662
0.528012818038787 0.395336824287365
0.407819314703424 0.353730100090398
0.197189162724448 0.220431580205743
0.185163548625828 0.210719284010553
0.3447296338587 0.328672116630954
0.729332615555707 0.379638838671223
0.284884472673524 0.27036581471071
0.293654565104901 0.305537341912202
0.363197608527303 0.375095130498653
0.284339582069975 0.326615849173099
0.137203971966495 0.175788843057082
0.164817422097421 0.183423431997868
0.501818919152087 0.317189182589075
0.784252227100925 0.36991774310163
0.244792293442028 0.244540508216559
0.235320697602552 0.288197106698138
0.261414759896322 0.334100632726266
0.194418007355146 0.268628076905676
0.107450511890556 0.155512792323515
0.146399511192528 0.170270599848473
0.544808067065007 0.314978495279311
0.750500334499659 0.384006773457536
0.2633795971763 0.253295085023866
0.267120335311842 0.305253375691234
0.298031838131754 0.34887367833538
0.220354929970093 0.288641874282997
0.110224312418305 0.151806253679003
0.150596977608869 0.175798018236374
0.518981617593426 0.322842314177339
0.604491658396663 0.41816085798901
0.313719929212301 0.294290095345256
0.371969596814586 0.34163814006759
0.447930724133894 0.384856926230411
0.334254768884925 0.342434266587699
0.156669646372946 0.190008619988706
0.168519259875439 0.193488497157038
0.428274341561314 0.335617970729732
0.427092903919563 0.406054702045452
0.344158722851252 0.325381275003414
0.460434236629904 0.367584839428594
0.564646784015995 0.387825085750645
0.417928939237969 0.35347594547394
0.191461447967268 0.216569328620015
0.177030006431412 0.211876851651135
0.302579510923801 0.3147050293134
0 0
0 0
0 0
0 0
0 0
0 0
0 0
0 0
0.429074994448016 0.396499878620989
0.375510137361573 0.345657800318047
0.454287254132087 0.361719380190024
0.557767680865883 0.387786792881934
0.439519257306354 0.359644734621755
0.217161053122683 0.227517462691424
0.21234037406604 0.232886949714886
0.31261207632989 0.31600508310452
0.448608778075112 0.41049189907097
0.35317680040373 0.330555132205601
0.440263176048177 0.35562436859357
0.544270188651365 0.39452570806376
0.420394354354801 0.359636262222974
0.194694055641059 0.219769506732267
0.186428280828029 0.220401459144061
0.308249340903541 0.319646113239004
0.649781929274664 0.400755928979466
0.340243280119665 0.289248710950386
0.371473379434358 0.324135457311542
0.45626494713807 0.387388413977719
0.351481659234425 0.338742692919418
0.166793415668627 0.188133694015799
0.186691705194511 0.191996105604659
0.454409576423641 0.323177119623242
0.712495432562502 0.387958363305888
0.331680415498222 0.273590698234318
0.3552183173248 0.315412497023377
0.410659128250287 0.37270193805268
0.30700458150869 0.314850464651022
0.159645646235041 0.180306031063325
0.194556603768999 0.194777362845249
0.510720508391323 0.323891692197121
0.664997213199404 0.396287138625226
0.344116953784781 0.278347594356722
0.395965027369056 0.327746541265513
0.471875211406086 0.376546097213565
0.352686484004591 0.332450034972114
0.172090725103156 0.184996352070984
0.197579424396914 0.196661776652333
0.474325792629631 0.324695648436441
0.507513934995034 0.411434729377691
0.341912451219795 0.305789552047806
0.45932280454444 0.356928844284239
0.550882309641895 0.387224709260104
0.408526431033289 0.35048210235088
0.17989522529101 0.204627881588495
0.181703584675286 0.205865992282995
0.362309406961869 0.325689715618488
0.405192616713471 0.401397330583094
0.344207130447588 0.330725393905669
0.481093905807923 0.373322550206677
0.569266711349677 0.385909734925953
0.42177954943982 0.356663018347414
0.18196280159367 0.21385070832475
0.169487560548401 0.208020293464551
0.274932434855164 0.301079023881858
0 0
0 0
0 0
0 0
0 0
0 0
0 0
0 0
0.397257649686185 0.383892935632282
0.374353768157231 0.346777746279529
0.473278510202857 0.370594693649749
0.565679246441128 0.38619660407989
0.443672824097045 0.35844899027531
0.216399717075138 0.23606397800253
0.198487790001908 0.230489013107492
0.278945429703749 0.301919059766034
0.391095294821738 0.39469302600579
0.345791994213665 0.335121304310913
0.45767956518743 0.364311587300414
0.576130537387899 0.390736994569011
0.437133312328314 0.362617453807788
0.186995442849142 0.220040329596622
0.169010377065713 0.214148495577385
0.264736309214018 0.301564968389699
0.466807259611681 0.403242854690418
0.331815729976673 0.302443192714987
0.431921400268495 0.34005453847439
0.602564208937539 0.385028887262212
0.467354736668598 0.361379746990642
0.186710776125897 0.208820364511802
0.173892810520673 0.200050287688386
0.329438747550635 0.314916654930513
0.482026464801433 0.39059340953893
0.33235981930923 0.286806144750496
0.441164878139273 0.33777291338427
0.627472720633893 0.376160564441289
0.496923882983869 0.365121119666536
0.192767326792717 0.20362605933293
0.179205037252383 0.189069560543632
0.341358542663183 0.30345183349941
0.444026819709376 0.390989373099352
0.329905856820196 0.294153212456619
0.467316401761614 0.349518489765613
0.634447842161285 0.369316000086011
0.489641687098012 0.359741740371251
0.190812474002884 0.207780173532933
0.174902071920831 0.1991270011321
0.314504453148265 0.303690350190777
0.391756140152885 0.392034174117346
0.340139470078668 0.323132936837763
0.482854031063534 0.371168884883764
0.602233907894008 0.383307355835414
0.447137660530014 0.359141832882548
0.181540877794791 0.216805639716924
0.160483506951939 0.205088332123361
0.269557743484972 0.300872444495466
0.374576095841465 0.394137935144479
0.331713760990671 0.328211975155987
0.484186201334939 0.380135570782972
0.571797863262708 0.386675079031117
0.431546677368301 0.363059477676032
0.176412430396402 0.223113416059115
0.162415069153326 0.215659663036387
0.254115445980837 0.301764845619311
0 0
0 0
0 0
0 0
0 0
0 0
0 0
0 0
0 0
0 0
0 0
0 0
0 0
0 0
0 0
0 0
0 0
0 0
0 0
0 0
0 0
0 0
0 0
0 0
0 0
0 0
0 0
0 0
0 0
0 0
0 0
0 0
0 0
0 0
0 0
0 0
0 0
0 0
0 0
0 0
0 0
0 0
0 0
0 0
0 0
0 0
0 0
0 0
0 0
0 0
0 0
0 0
0 0
0 0
0 0
0 0
0 0
0 0
0 0
0 0
0 0
0 0
0 0
0 0
0 0
0 0
0 0
0 0
0 0
0 0
0 0
0 0
102460.350664462386182 0.398627323303211
0.302465890612756 0.346811637451483
0.330578914393291 0.365118755509443
0.416222946110149 0.416363181955905
0.353148888264552 0.373027030189186
0.183431111150895 0.239447653821713
0.17718914649812 0.234411706053639
0.26566833303905 0.323262257745692
0.343557984645077 0.395419286356138
0.304353116728618 0.349997784844874
0.338172455501337 0.369487140697704
0.421068710708388 0.417825796433025
0.356859355984503 0.373360998055425
0.183959860564814 0.236777158126954
0.174677341794628 0.232483019570914
0.254323054062595 0.316020087337766
0.34412875977157 0.396990000937195
0.302512357467464 0.348478691902147
0.335843169124204 0.367645100513986
0.420964282536586 0.416951769545319
0.354392957459474 0.3711775722192
0.180277936572506 0.233578882602385
0.176391001966555 0.234444067912321
0.25646702023054 0.318007381989729
0.344744238693692 0.397574953360789
0.299397790105241 0.347011871606604
0.332463988752971 0.368371819826578
0.418306228151465 0.415684365825469
0.354394038629042 0.373936057403328
0.177785521499044 0.232491650171554
0.173716686793812 0.233463377866643
0.259036504313486 0.322407012423138
0.343113010275924 0.396684698041315
0.300566533775486 0.34583768113311
0.329696696120649 0.366795102560701
0.418540038258872 0.416483863639951
0.353911311107519 0.373367052118561
0.177157134096542 0.231189406373434
0.172748924187162 0.228895664761253
0.258942142207206 0.32123224604883
0.345748884620197 0.397861055145026
0.305251441435391 0.349750290903597
0.333426160075012 0.367298202721818
0.418737918651977 0.415613008021358
0.3585782182426 0.375545109154502
0.181024618652934 0.234640946842925
0.176286676500837 0.234282423648454
0.258794090363266 0.319098019472529
0.343932921140597 0.39684569289952
0.304053629957721 0.348149067267671
0.338885852784671 0.371510054858569
0.422099399472827 0.417295961136796
0.361587847256406 0.377281649705653
0.181972111110099 0.236600598508942
0.175222646783261 0.233412401622855
0.254697282091416 0.31851135103666
0.279009300574047 0.384296530260654
0.240092177385046 0.331573910859635
0.263508015371246 0.35234311260526
0.329346728075671 0.406514694759811
0.277802203544209 0.359910954486204
0.140425499750161 0.215563922287539
0.138791628081403 0.217134087139561
0.205907852267208 0.303373311371062
0.36894950999095 0.404708836658954
0.315366591059294 0.352185748088063
0.343079586034317 0.369298300219514
0.403091115698603 0.41247138065537
0.33120954065295 0.361610831670716
0.183886036874369 0.234994291558644
0.184249864922985 0.238825820270742
0.271441499070086 0.323210675541469
0.356185183578402 0.400098397217024
0.314738881092071 0.352240913393359
0.345756486231847 0.370849993877139
0.406563856880752 0.414839031091161
0.331968355041834 0.362645107923266
0.179797200700034 0.23367063235716
0.178095570604277 0.234703879471534
0.263464658503391 0.319820148900013
0.354991846492744 0.399666424959043
0.31340042976857 0.352213691671332
0.345653680763105 0.369064944422429
0.409798660875403 0.416745637385942
0.333676797452632 0.361888829719239
0.180997076094559 0.232191432165205
0.17861567157234 0.233087399052582
0.263515804684298 0.319698031688445
0.357963439709549 0.402245169236384
0.31417307579743 0.349789686109308
0.343904727209932 0.371199496274962
0.410161399147807 0.41645821423085
0.33409737443364 0.362964638370767
0.179542187095445 0.231257131476148
0.180136566415117 0.234954450530172
0.26687284694974 0.321817418577435
0.356635431617943 0.401676971273397
0.314098574659936 0.353873196512025
0.345435608058667 0.370706633704525
0.409105548432336 0.414648063383283
0.334989392680099 0.362564982950732
0.182827501569584 0.234964162943897
0.181119641057148 0.237693742386982
0.265544510829162 0.321692132264722
0.35896864473242 0.401117928194966
0.31359193880015 0.353434408551494
0.34222569596495 0.370105155736904
0.404327629073795 0.413013208543892
0.333678825849566 0.363150485848311
0.182121147468621 0.23543543670027
0.177727433147133 0.231800140364746
0.263842017133598 0.319131599374925
0.358741734257772 0.400772975605665
0.315744102504392 0.353583626336023
0.346755478206714 0.372515596402536
0.405162933671454 0.414342655035058
0.332328073011677 0.362485258050729
0.181567988952354 0.234015685474541
0.178874168232143 0.234472121102995
0.265161599500333 0.320587283331856
0.290749990701528 0.390768069140942
0.249800753883695 0.335616228905413
0.273189436603049 0.356874410649125
0.320401270677691 0.403088950714998
0.262207333493353 0.347454048140583
0.14546944446276 0.222617330515968
0.140553841986731 0.216364390488183
0.214873131915869 0.30766580052792
0.370280369979435 0.403751736346154
0.317420279497692 0.349474769730442
0.352161422820528 0.370937648210219
0.409849529074156 0.411962432549703
0.339654656504769 0.36262759592488
0.184457513794507 0.234403917007028
0.185173666885927 0.236663204103177
0.278003982457611 0.327226505522155
0.362881167283947 0.401269958222296
0.317223431204564 0.351648816656269
0.352909239669656 0.371046014817773
0.414919728695048 0.416140175835643
0.337223805228965 0.361578552072483
0.182184423564961 0.230764163166156
0.181304585462407 0.233786199800113
0.266076243135034 0.317748656185171
0.363275185003244 0.402213097900257
0.319428951067553 0.353369564547891
0.353867868904938 0.37206584174639
0.409714834630982 0.411709157541474
0.338871810602258 0.36183749755697
0.183494341820398 0.232772008598408
0.18327042922367 0.235070024381368
0.271889291319301 0.323322657265236
0.361654445634787 0.402040044968608
0.320568710100906 0.3522096222138
0.35311047984249 0.371568949245963
0.40989627815278 0.412903960711207
0.335360370824074 0.359414914908634
0.182285108003895 0.23184894175771
0.183652278525764 0.235479751836512
0.26816228936793 0.3224888986515
0.358860514378046 0.399887233838801
0.318555108373797 0.353614044960799
0.352451393189788 0.372825852526579
0.418199704957807 0.415050649822735
0.3399334062083 0.362635235396567
0.187531084167474 0.236255924039913
0.184065225255635 0.235408037309753
0.267474691409082 0.320718841661718
0.363767042235791 0.402260208004774
0.320312729610736 0.352831911873042
0.350753505549534 0.371215788393609
0.415484668984035 0.414222596386141
0.341326615117416 0.362480326630984
0.184375190723083 0.232040557175376
0.182699919562196 0.23590595308278
0.269309847520764 0.318697396273849
0.36010387394766 0.39943201282321
0.320087335801355 0.353879630949814
0.35176343106318 0.372631899070228
0.414862817171241 0.415086148897542
0.342679512888363 0.363351405844574
0.184164435545824 0.234492146912745
0.183815629826686 0.237298921225594
0.270068519268997 0.324264648662581
0.29349585124156 0.391202628267426
0.25298928050997 0.337185063382064
0.277308485366182 0.35708574708269
0.327894501120202 0.405792602263546
0.26881547352594 0.35148133471586
0.144616027135859 0.218609945341816
0.145577117378045 0.220510502073215
0.217055053327457 0.307582337926768
0.376332482682818 0.40268119271844
0.32627243297031 0.351529525086754
0.356212491528521 0.368146689137833
0.426199270800998 0.416218396971837
0.350039124063073 0.364515865965452
0.191874967981712 0.238430793701124
0.190028196365887 0.238811608922926
0.282723665682546 0.326836261914519
0.368674082338131 0.402163865081603
0.322497601899177 0.350929555752655
0.365020713967417 0.374488705640956
0.425700764873771 0.414056538064145
0.351448840261245 0.364661411472421
0.187308829088417 0.233333652495364
0.183688955665654 0.233304639883875
0.271317454012321 0.319855474318618
0.373639506317959 0.403782211376478
0.327227080312654 0.353325159854724
0.363032579459174 0.371558794580024
0.427193140824659 0.414381981710296
0.3504514201201 0.362393446895043
0.190655553507652 0.236766315670835
0.18532585235185 0.23364378277341
0.274473311694871 0.322811587570735
0.375685527091204 0.404108048555958
0.329566685652836 0.354338075401668
0.358888823747807 0.36932072797169
0.422584051744018 0.413218107132707
0.350221251996797 0.362854286654283
0.187606268701629 0.234260725354454
0.188047810250585 0.23712835577981
0.279232677595394 0.325532597395486
0.368151503215592 0.40046491038583
0.325659173014664 0.352554764246646
0.359833269050989 0.371447028028116
0.434448318604217 0.416487271591981
0.353249832340695 0.365140594186201
0.192686967287473 0.238487211543275
0.186445196721422 0.236507214421285
0.269937127859685 0.318002403928008
0.373067162286148 0.402250832411557
0.327754321156432 0.353227607494229
0.368274506782666 0.37542158339936
0.430583231477149 0.413942550298435
0.351744105013187 0.36498740286226
0.192599650512579 0.237935458287877
0.186302520504606 0.236778876474858
0.27227998478829 0.319528368778924
0.368528356695653 0.400766110267804
0.3251700438919 0.352487540933275
0.359090297621934 0.371222924114438
0.427073945816402 0.413928767727998
0.350999774120362 0.36579660394823
0.188059916995301 0.235807380120069
0.187382081170133 0.237505228467599
0.272347333680594 0.320887113598119
0.294329630889445 0.38806585641884
0.259625908210052 0.339704881283557
0.285475936698288 0.362525234979267
0.340541319139451 0.409692425124756
0.274370900440813 0.350064383474063
0.151465670143571 0.223951786683534
0.150376342952122 0.224320158354624
0.220364744888436 0.309887744384156
0.386378966440762 0.404334373419953
0.33218807548142 0.352488016000852
0.366227466074312 0.369880551524144
0.435195534854452 0.413998004497574
0.359021544304685 0.363375592814591
0.195715396190649 0.238989437926616
0.192283311257677 0.237057107278056
0.289246102036021 0.326274865381872
0.381270071074113 0.404507989680628
0.330463412112265 0.350591823862791
0.371336494865874 0.370677824680664
0.446986650461057 0.416060701016796
0.363193463352961 0.365640565754909
0.191306763771458 0.232534118209163
0.19013742348012 0.234813536163293
0.282354615871412 0.324037955980851
0.376865259960705 0.400413507609756
0.334050605527234 0.353752073540612
0.371023330267751 0.370769968769339
0.4423443476263 0.415126753725653
0.365006974000997 0.365519842091163
0.193954330231655 0.23556573860655
0.191938043612094 0.23640450992393
0.279518533631939 0.321551405576496
0.379275080609195 0.40199919847888
0.335977902173452 0.354728221609832
0.367986204410774 0.37067283334713
0.437552393524337 0.415341997296613
0.363697943702506 0.366402939600213
0.191652869171374 0.233782174763482
0.189698497075591 0.236490546172581
0.286135373673348 0.327345505380198
0.37549749698347 0.400274308740637
0.334030326118879 0.35289040524727
0.367919417452114 0.367632683848735
0.443237906029834 0.415371551181136
0.361076886411436 0.365046928455744
0.192860590728851 0.235481216425763
0.188829938760435 0.236112389718543
0.27836417598752 0.321490244979447
0.381093907218627 0.40450740711952
0.334099590735448 0.35286127499274
0.370810222967339 0.370943552252497
0.442407241970735 0.413636401565336
0.364784725533412 0.365673404324628
0.194835844126472 0.237850835299557
0.191219631822828 0.238984479126035
0.279834247774694 0.321429696854838
0.375398415925424 0.401525762191665
0.332534038698348 0.352193621681208
0.36856883236869 0.369673925959509
0.444336166064112 0.415098655169125
0.36573007002254 0.366879496366455
0.193696910639865 0.236823800646026
0.190922172686837 0.236779262059243
0.280180971796313 0.32397809004185
0.305676304849954 0.392733609198465
0.262827599542854 0.340201254704979
0.288988784512222 0.358364838489747
0.345383775851789 0.408368444642593
0.285743070936033 0.3577422531646
0.152351008436415 0.223195224465036
0.152917695270003 0.225890218015845
0.228092441929327 0.315315515659971
0.398502713623514 0.40557404491605
0.342087883605412 0.350841068659767
0.378223247373164 0.371088824710098
0.452675377511953 0.414042676887134
0.373520785275495 0.366412538197613
0.201718617992637 0.24033655791445
0.196907243423605 0.238207142245385
0.295724934710253 0.325175446422268
0.384417130741637 0.401457866340808
0.341436063302005 0.35324891974308
0.377612083509587 0.370809158191564
0.45449093322897 0.41421269964686
0.373301224363759 0.366218614226585
0.197900714326549 0.235992409554864
0.193197607849736 0.23486958570142
0.28426294157359 0.320032541034722
0.387065052472854 0.404673859715609
0.337239700853377 0.349604934008668
0.379630511395998 0.3720825632478
0.454100368803423 0.413982402564674
0.375574233183023 0.368208156867224
0.198501375567102 0.236908609656669
0.194860618034945 0.237763618345439
0.28603480174638 0.323321763984593
0.38539711067365 0.401722825734803
0.337867099604564 0.351993486924014
0.374844951165097 0.369220642863266
0.455830954888949 0.416591015466404
0.371116110346935 0.366101130323044
0.198855386109566 0.23847356224819
0.193831540417792 0.237993184540286
0.285199553691299 0.322648041107627
0.383508951918673 0.401600512050243
0.336983523065711 0.350405268543244
0.376570132888163 0.370880342637238
0.455466326819971 0.415551993828976
0.37431207249285 0.366859574657184
0.198872142997299 0.238095219130539
0.192543596829441 0.236548046275939
0.285479073216108 0.322237326576021
0.387633505566022 0.402200191185684
0.342031156356448 0.35275486577793
0.377482660678413 0.370758940393486
0.456591959898554 0.415088703950912
0.373571433893091 0.365812055898897
0.200481444870206 0.238209978859511
0.193597645694512 0.235476626666952
0.286994691276347 0.322927094186597
0.389836378934208 0.403356637915075
0.34000480475503 0.352144080494641
0.379287979767441 0.371668683723157
0.454415830231351 0.414580375956005
0.373960526618182 0.366601464229308
0.199231180307866 0.238184054207534
0.193898010031465 0.235697876706231
0.287213585844506 0.323951861892891
0.312178165294545 0.392930390119834
0.272794254701719 0.343596695453413
0.302514383287309 0.365368487352404
0.359870131540841 0.410567068722136
0.300953520442374 0.362433669429847
0.158026249165313 0.225995631716586
0.158280471665957 0.229005476488798
0.232977450820366 0.313714751507306
0.406295474040846 0.405099387285292
0.345066038800595 0.351270701760772
0.383731527821905 0.367778474571574
0.463496110971785 0.412550259196186
0.379189830260846 0.366525765741156
0.2035329924884 0.238409395861793
0.197314929426979 0.236290925602045
0.299205465445056 0.324911785601253
0.395635582387764 0.402322215427739
0.35138072810128 0.355654214954885
0.388177460487645 0.370641851674516
0.464420545746602 0.412723809446254
0.381087160107529 0.367571064835444
0.205180023771315 0.240424254597109
0.197643177147785 0.235915541869325
0.292711816313992 0.325478323329286
0.391647610133112 0.402298886523353
0.347798362503515 0.352737501588052
0.388573948891294 0.371453002298775
0.472092465511642 0.415484347683192
0.382204242658562 0.364177366586673
0.203504597185588 0.23787466155287
0.199122159573025 0.238285143676
0.289345359293918 0.321239919693088
0.392465514029541 0.402331471495173
0.348497935082391 0.354252800245745
0.386385782942346 0.369264931461448
0.471299719150052 0.4144093187271
0.38031215772448 0.364125358106425
0.200286611358486 0.235382023698187
0.198412831382407 0.237455427645514
0.292147808309489 0.324680565366533
0.393976350852203 0.401601531494312
0.347422634738892 0.352188460832953
0.385215440491153 0.368792206025891
0.469040982361313 0.412973794002351
0.383449305142413 0.365354014286369
0.20256544468463 0.236218694082129
0.197350829441217 0.237431858310497
0.292652237100704 0.325653464196363
0.398376066483653 0.404146612122926
0.347328295374663 0.353251537282812
0.385938658845043 0.36921902683992
0.464773783617055 0.413433069705681
0.378047913308731 0.363409429873694
0.204653272622872 0.240509828445502
0.20072007030445 0.240670712115417
0.290363474078306 0.321181591863771
0.398828422577978 0.404904350406119
0.348255981011369 0.353188821627961
0.386539122708201 0.370221572946423
0.462667673746774 0.412454527835754
0.381510246169584 0.365639988958346
0.203346435139063 0.237556403555802
0.198437190599916 0.2372845260205
0.294511848076703 0.324705733155765
0.318771450499463 0.394324881707734
0.275983674936731 0.343383770810963
0.308155893353702 0.364757588589411
0.36771748716789 0.411739555984937
0.301843715125192 0.360880326294874
0.161259825844423 0.226050808841819
0.160956975253233 0.229488390528769
0.236182395696314 0.312945723031606
0.416784522678965 0.405894723758143
0.353068161212286 0.352092681337399
0.389616512641018 0.370074563127292
0.47311665573776 0.410130700470852
0.390151230773972 0.365606622846938
0.204638310239308 0.236139469330011
0.203540554464303 0.240600130557763
0.306055721037963 0.327505023644208
0.40696957733565 0.402348929173436
0.354008993480035 0.353258373212214
0.398247002132772 0.371226154212419
0.477249855677907 0.410938572924313
0.394150007705028 0.367716516456771
0.208052002971822 0.240274473238702
0.201175277017834 0.238655873252112
0.298946522700191 0.323482674368985
0.405902939797427 0.403588123378749
0.353786605745458 0.351838997418701
0.394292392291124 0.368386886769662
0.479148390897512 0.411897069038869
0.393088428629826 0.365659710040679
0.204321174851448 0.235580600870838
0.205553775649698 0.243149163816568
0.294494915891856 0.322370586926869
0.402057056757817 0.403178120765454
0.354429175190191 0.351618927207267
0.395861696591883 0.369667961861407
0.478371051821578 0.411060722260494
0.39246723016127 0.364940159989745
0.20479642769088 0.235095371854378
0.201751027400866 0.237624770170726
0.29697337554202 0.324270603300606
0.402362394281466 0.403306422066323
0.355640254779962 0.353021772944457
0.397873731987762 0.369118311572157
0.482616427451864 0.412651803967416
0.395086306077015 0.366162062817054
0.205131001257478 0.234415116939508
0.203006887622378 0.239726895078699
0.295584640922067 0.322209487239744
0.406566586952803 0.403081535033847
0.355973713481448 0.352052238983573
0.398691774552541 0.369378043547799
0.478369034400907 0.413291918942776
0.387193437445914 0.362250785583676
0.20668279615491 0.237922708257831
0.203360369213568 0.240757191972388
0.300076074041001 0.324468121463092
0.411044618837636 0.406615708023993
0.355295263564753 0.351197943087785
0.396228608541002 0.368438670394807
0.476854525101736 0.411901698229994
0.394930340628453 0.36741945435564
0.207657574352387 0.238439645217157
0.203488561504295 0.23963714784638
0.30188368287593 0.326472394468561
0.327177206462272 0.397253932508002
0.2842705571938 0.346344517218144
0.3130815997977 0.365134105387017
0.380787074542164 0.415632032657008
0.311266617284095 0.361720094129182
0.163860782682598 0.227112598741766
0.159322900074314 0.223184178914017
0.238533521936136 0.313108899504958
0.418599310786346 0.402524054294174
0.363600879762901 0.350679513779496
0.398485777214265 0.365076843247098
0.48885434030779 0.410918499940128
0.402908191118312 0.367045740502894
0.214644123047387 0.239124683189954
0.208724010162922 0.239436112742963
0.311570778338043 0.328166755185947
0.413933856058091 0.40298325418554
0.360918688138726 0.350423003193911
0.404144516279901 0.366704944623234
0.495724440853433 0.410077223494518
0.40308975735572 0.364024068933823
0.210587082147715 0.237127065165734
0.205038927962323 0.237535949371547
0.304169945604172 0.322469237632982
0.409365826060498 0.400726093157129
0.366317312408216 0.35284993175659
0.404845050863959 0.366911068366576
0.496194648017397 0.410427670690063
0.404182637068268 0.364454312598618
0.208968587619022 0.234252060945088
0.208469610991312 0.239556257767038
0.30444266853044 0.323718052274832
0.409720147726557 0.400020752421709
0.362179374430643 0.351673380533505
0.401808055755181 0.367603399752342
0.494046820321004 0.412172500622664
0.40582933313532 0.366554247547552
0.211517895364008 0.235550202666567
0.20979242439452 0.241347995962942
0.302302086938619 0.322163335945358
0.415593289703741 0.403750044029191
0.364947656519393 0.354585402366019
0.401889987019944 0.367940898857448
0.493637220803188 0.411165288496089
0.402314841964662 0.363488697551702
0.211185626621719 0.237968643162563
0.205221577073558 0.238742764152628
0.307079561704069 0.325764012589966
0.415831930991829 0.403587264723643
0.36266653630908 0.350690194260477
0.402794625349832 0.366618823826157
0.495591064880884 0.413724001257879
0.404356370714211 0.367343677406704
0.210019099615367 0.236942998372627
0.20581070267665 0.24044531131685
0.304525069015622 0.325180766168373
0.415848860567592 0.404958443626914
0.360729635852201 0.348338480223707
0.399665273473113 0.365790791294944
0.493658624948483 0.412098944688228
0.399845274916348 0.366187719056863
0.207349797950924 0.23561717667971
0.203737491538533 0.237045045795117
0.302222365818128 0.32533506581884
0.33189054987612 0.398492944271121
0.288019548170723 0.344306444895296
0.317422948623061 0.363828578176224
0.389428801026789 0.416524107046715
0.316099360514495 0.362730935549606
0.167230129063241 0.22812255895904
0.164801115409815 0.228581081865822
0.245083324543469 0.316116283125591
0.426077854231679 0.404839037779042
0.367796361880683 0.349995754357419
0.405150933655478 0.365042548037748
0.498342278722522 0.409664479064862
0.407201806164946 0.364469559073122
0.212745404053005 0.236644307749418
0.210401670842753 0.238561989494537
0.313667945307739 0.325092511335511
0.415038272141087 0.401450443392212
0.369474281505639 0.35137517862564
0.412659107427117 0.366003622493493
0.504634611749558 0.409747770983609
0.41571048001984 0.365393304269809
0.213367229218984 0.235817267656206
0.207705906417243 0.237028839154837
0.309047279796735 0.325024385124506
0.414894996058682 0.399732652170802
0.370490864608706 0.350658151982005
0.414920097671899 0.364313444885387
0.509884891474993 0.410503818743655
0.414160134301601 0.364132575233788
0.214704303327957 0.236802403008623
0.209673439654377 0.240163681219985
0.307911799519435 0.32288204910799
0.419226251626284 0.402556653480645
0.372651111532534 0.350472714749673
0.413003178876567 0.366130793316992
0.510334275948222 0.409483035880628
0.41481782572292 0.365061053055203
0.217131109787967 0.239372895968027
0.211568481985115 0.240619868757602
0.308676923962305 0.321856817733262
0.421731860021399 0.403615434465834
0.370114735562082 0.351527180200494
0.41121520950013 0.365410872086956
0.507153802676311 0.410129001423393
0.417409376316438 0.367594132413389
0.214444657878577 0.23558246306728
0.209233633975171 0.237327168326576
0.313825268639521 0.3270034587271
0.419878131153708 0.402777720430573
0.367411192700479 0.351214018944252
0.41126674917037 0.365912827910517
0.5024472460084 0.410510021385839
0.406769170078427 0.364094996693547
0.210499954473661 0.23518561905534
0.207850412854213 0.23708235259408
0.309997344214128 0.324309120546328
0.42116403310041 0.403474403480938
0.367095789919285 0.349267654170306
0.406099045364211 0.365243775022435
0.497651005592364 0.410034452960072
0.408447611341284 0.365845567891097
0.210629504086915 0.236267788854029
0.206612950168996 0.234881139851088
0.312390323214214 0.326826697587156
0.338237693246251 0.39915888001849
0.294584958589844 0.347885021955124
0.322230988507172 0.363774046856526
0.395854401203385 0.417713116459776
0.321488668523397 0.362041828723275
0.168386745075189 0.225857793594523
0.164848001823978 0.226792721421215
0.250819093389511 0.319318346062146
0.430322476120227 0.404353880013515
0.372099915601345 0.351911079735401
0.418057569455097 0.365375300025737
0.506112815531543 0.408539521893285
0.414757248363753 0.36393368057387
0.218350901203341 0.239052741415696
0.210541450317455 0.23543534234068
0.320850235436213 0.326517359232807
0.423330295114794 0.400670071743496
0.376387555777998 0.353837914231095
0.418516259608369 0.365616483162863
0.51111297115817 0.409330851045895
0.419882380360675 0.36434313286108
0.217500584097403 0.237810035998796
0.211376031413136 0.239695020258707
0.318104681506824 0.326101856951599
0.425387339797649 0.4022068515497
0.378265356186053 0.351431900080962
0.419927235825993 0.364215731542375
0.516723887608577 0.408746775024257
0.421134135397538 0.363952514788723
0.221037898197673 0.241085166285409
0.214030021145138 0.239024713183854
0.315170526068487 0.323634760035764
0.427303093819578 0.40067310134713
0.378192804657249 0.351269965678861
0.41925784403433 0.362975633703391
0.516629339935138 0.408092799283749
0.422804317260683 0.364758226400905
0.219915856825046 0.237551536465421
0.214088895843713 0.237961571097356
0.316899937225414 0.326622220603943
0.426384305075431 0.401588752192593
0.377683609318193 0.35078992837675
0.416963849049996 0.362933585623534
0.520360289401772 0.407945498090559
0.421616574649637 0.363169000005521
0.220787121206609 0.239642421478206
0.213414506508532 0.240494443602539
0.314276109765702 0.32300917074001
0.427243206077373 0.403201055334823
0.374480226371461 0.349124383544658
0.416989482423135 0.363515329713469
0.509704185948528 0.408497867653002
0.417750824743168 0.365419760945277
0.215159123532475 0.237475147384085
0.213197086014584 0.238800025496439
0.315961873430956 0.324789154515186
0.43069555586249 0.401835086900286
0.379416743921043 0.352569579463652
0.416073038845081 0.365570367903163
0.506759625596323 0.408344212271115
0.419230462576945 0.365730068191008
0.217808623369525 0.240895464613756
0.211266787788607 0.238436916488061
0.319454365387732 0.326632422522843
0.345799713973 0.401672892012979
0.29916587180476 0.348522617151619
0.330164380072113 0.367111797871935
0.398398028004103 0.415826371750457
0.327997734481856 0.364225566563432
0.173862234494959 0.232583498202805
0.170981165141641 0.231130457331276
0.250957836875924 0.315401495691251
0.434227027659903 0.40322240052992
0.373543165310641 0.348228688601506
0.418299443078701 0.365474051796272
0.511590726431274 0.407754866297311
0.419084561309989 0.365537470664837
0.219623229333579 0.236824258167688
0.212692112866142 0.237057216309838
0.322502652488314 0.326974080907465
0.428467517586237 0.401478042520322
0.380062898919466 0.350863968201413
0.421214758827352 0.365974165903441
0.518319416913638 0.407538866546376
0.420691062764359 0.364098126584749
0.221756200821499 0.239591826276968
0.210780842318802 0.235933544488946
0.318728116551633 0.323134341033283
0.425025706387774 0.398413147813799
0.382452964333051 0.350869875875593
0.428306166171154 0.36843810513422
0.518326638850998 0.404933615127012
0.429201900207303 0.365539044464485
0.223238815382147 0.238780631644746
0.214916205379247 0.237684366746602
0.316447386844256 0.323299603598355
0.430895750735445 0.399235142407484
0.383958306212088 0.351559815927884
0.433641664038092 0.366031649302452
0.522451760909529 0.4045018299469
0.430940419656561 0.363005233174844
0.224239639790444 0.239055574462807
0.217802982453994 0.240398316505888
0.321404914611181 0.325935137943162
0.429994975137971 0.399471213336281
0.383261087393359 0.352101635603123
0.426260670956163 0.361459460861579
0.517867143882361 0.404877287373317
0.423749625275252 0.361159590706953
0.222707103465749 0.238981958202136
0.213573552314872 0.237391239781293
0.315448777540891 0.322231313147073
0.431091530479308 0.401437735490727
0.3840743397911 0.351590067291932
0.425206703458653 0.363897001888536
0.519963905458774 0.40646304178832
0.428180834471755 0.364111920963197
0.219974485443399 0.239292597130044
0.215922385837805 0.238873856173691
0.316145460151875 0.323556466228792
0.433795246549868 0.403188011545352
0.37916947061477 0.350929335930254
0.419239005877837 0.362573988976579
0.515233020729031 0.408240151053427
0.423021538279079 0.363284479384253
0.218378733165843 0.23556757398335
0.213547727163091 0.237744005966893
0.32046598536845 0.325048449823367
0.348222557828248 0.401612611114927
0.299741384321407 0.34663175887902
0.332811791457239 0.367523851573423
0.4035168413119 0.416953018222272
0.332802300646202 0.365986172555609
0.174304781691912 0.230755687279986
0.169705484160056 0.227667229753654
0.256626737396201 0.318951072291997
0.438429980660586 0.402854298687698
0.376779462023497 0.34652090355762
0.423358606263757 0.362157012596638
0.521738865320421 0.406114340697428
0.425802216855306 0.362681685167469
0.221987333590383 0.238198199932383
0.21506609339018 0.236022624070712
0.324519594425469 0.326501404303949
0.426870354696841 0.39927590420086
0.380267018253406 0.350178970616426
0.423741613032971 0.363968919189714
0.526448287743793 0.404896183157585
0.430726151040983 0.364120254788198
0.221560963603804 0.238843392148204
0.212899163430219 0.236837984700686
0.315264324467373 0.32382588503463
0.425115697498526 0.398360999079131
0.380421739004253 0.34961654900735
0.429425990006648 0.364943626194036
0.528177725626114 0.40495608693463
0.431478614865986 0.364101284205403
0.225387208872274 0.241460644183485
0.214191395781613 0.235778540096411
0.317743349838555 0.324050584690274
0.431215635594562 0.399263045002124
0.385345813138827 0.352632750791592
0.429341557864631 0.365747135907514
0.525539200398842 0.404225062563378
0.428574375230866 0.361997883433767
0.226223524739679 0.242194324475585
0.217557795856893 0.238926668210215
0.319595092466429 0.324383283471089
0.431755935704081 0.40077915928821
0.383315687333133 0.350090700522376
0.42836914525858 0.365774461939814
0.523708323612951 0.405677750421651
0.430346711086342 0.361394097847132
0.223418825596594 0.240009593459218
0.215445552448386 0.237500795851858
0.31866480286562 0.32353547426503
0.433294585010823 0.402316691449662
0.381115188448567 0.348049180309509
0.429393618534952 0.365216727548409
0.522993801783741 0.404797989811056
0.429398734965077 0.361934671501032
0.220486554501287 0.237453796607708
0.216132028646463 0.236599145267039
0.320245555097995 0.325763321473564
0.434420638504468 0.401272019593716
0.380810754752525 0.348533768002558
0.428121289074039 0.363757855441173
0.524443254788967 0.40383941100611
0.431734252652854 0.361773658309728
0.221116228457798 0.239006575038178
0.217571788150285 0.239194678035822
0.321532215152816 0.326441647669195
0.346927977159798 0.400243904585199
0.300374643711536 0.345365193811655
0.337636383795551 0.366818894795678
0.411631059316399 0.416165303312901
0.338111486121266 0.36494947609596
0.175562669193925 0.229479466967588
0.173501217204506 0.229556327159379
0.255776332768846 0.319454060992477
0.441293877652637 0.401147682313391
0.381885030312693 0.348483759034945
0.427185369583046 0.363177207245845
0.528127596100326 0.405595705624469
0.430979929487914 0.36258930457493
0.224165971797664 0.239077304283577
0.218931765314744 0.237959492566402
0.327430822634926 0.326524358366081
0.427439436779061 0.399560273520935
0.378180821475297 0.347368660301382
0.430456909246747 0.364100804767544
0.536133034621161 0.404776455289868
0.436038096449548 0.363327294613335
0.223575560275971 0.237783199809554
0.216696420212342 0.238290454174447
0.318465237718249 0.322244207535764
0.431342271560188 0.399567047596687
0.386144653664312 0.352697009078749
0.426901970487437 0.364207448886846
0.532467460555844 0.40580005465937
0.431406375363421 0.361032586025246
0.224551592317775 0.24046672940263
0.215691465540314 0.23988773112307
0.324626026711918 0.326735728530264
0.433711724426534 0.401373203571123
0.382468751117295 0.349449062948252
0.427715707728928 0.365096289888025
0.529504442681118 0.405885867487544
0.430202249472247 0.36015296166261
0.225812983455268 0.242577587937484
0.21765192594046 0.239625481419195
0.317266147394386 0.321486159709521
0.429126849739332 0.398473468763532
0.383799774888845 0.350362617002555
0.432152031215223 0.365096930569722
0.529057765328192 0.405184214412509
0.433551392076819 0.362587832770034
0.225803608634341 0.241196797563563
0.216323683789702 0.238937805310834
0.318984580304322 0.323539787933337
0.432033109924044 0.399015080779875
0.38481202456097 0.348596718981137
0.434854996959742 0.365698036735088
0.534261868894409 0.404524828028345
0.43721411320036 0.362407870006539
0.225659957648061 0.239881112434077
0.217284023068393 0.238340983670473
0.317002169122433 0.321311567984079
0.435785504555115 0.40108367952982
0.381187155938222 0.348981719148923
0.432271255072073 0.364597831880226
0.53102476932741 0.404967985877755
0.436024976524039 0.362853906445995
0.225821580570126 0.239697631105436
0.217380974579384 0.240615707446276
0.318432506060956 0.321472095435844
0.346340375285426 0.39705592443625
0.302100945126666 0.345184515823978
0.343183865344576 0.369020075930613
0.420208737576552 0.419914336677151
0.345824298450406 0.368342046623588
0.176748131900857 0.229565864590322
0.173318777671573 0.229344695365515
0.258014932883369 0.319162895711055
0.44454464217573 0.401742319475411
0.385091072970082 0.34793369477005
0.42917711084652 0.362228933697656
0.528949203350435 0.405900114320917
0.430515446915307 0.362359037712748
0.224655501512844 0.237849106150202
0.218027681554318 0.239542595909555
0.329224177443143 0.327322772189924
0.43162256692524 0.399527360414738
0.381437059163737 0.348049162078782
0.425264657735154 0.360680754016672
0.536165332187103 0.406411468226261
0.433042146622911 0.362825586208941
0.219127786190984 0.236897757355194
0.213763911294781 0.23726994373691
0.317929849805568 0.323016355324054
0.429667664366852 0.398798888971762
0.383890767730558 0.349837035638228
0.431961847633733 0.365298598364918
0.534758601271135 0.404550888604895
0.439608541329555 0.364306463891735
0.223117847327272 0.238835023924875
0.21663827675633 0.239034630084895
0.320142535416607 0.324253968581651
0.431698007852155 0.399999579089777
0.384765740055878 0.349926841208279
0.43236795895379 0.365106545522088
0.531240638019526 0.405925411660267
0.438041810873349 0.362537591061612
0.225299420941599 0.24075560979436
0.218621067956916 0.24003834662291
0.321011252868532 0.324580448139718
0.434781460457693 0.400992661536819
0.385002946668991 0.349683710374387
0.43032587457752 0.361273600793878
0.530669743376696 0.404499085531334
0.435672617152918 0.362812955099956
0.223875368289121 0.237329558466954
0.217632049186184 0.239508416603984
0.320219599297999 0.325538828366718
0.431163516069217 0.399053925521621
0.383625318225264 0.348030377935628
0.432307130894466 0.361180848969165
0.534616061850979 0.404224523266879
0.442302838133395 0.364922270037088
0.225536557811458 0.239593501023243
0.217417446525395 0.237689483623743
0.318439400049333 0.323074259577061
0.431872164340453 0.399233409397597
0.382803968128261 0.349916164086684
0.434224068280164 0.364513447782353
0.537587929368325 0.403525583049819
0.437705082990205 0.362330379560705
0.227585320310875 0.242212277810026
0.216888403273659 0.239145886841644
0.318135295309404 0.32240470413854
0.344725474720959 0.396593892267307
0.304648114577744 0.346626101138666
0.344650904490483 0.369021242967544
0.418207473096678 0.420083982217455
0.342387113077179 0.368184875251127
0.180132490115921 0.231974041862303
0.17300855563539 0.23148873125033
0.257580731953228 0.317515250740959
0.260164023004327 0.376629778554539
0.22189490642419 0.322951221232502
0.248611752669633 0.348267735306045
0.302157086147064 0.402096669166275
0.246976989792526 0.346508730899898
0.131237225400794 0.214142365044158
0.12562395588855 0.207981047686843
0.194931235119956 0.299931194597524
0.258675758171973 0.374617127995367
0.224123034179491 0.325828422689029
0.250982785420196 0.348919103484088
0.30901663003934 0.406148501983094
0.250779619662132 0.348911975293382
0.13201622251078 0.21492990390364
0.12658912165886 0.209315861807898
0.191582586850245 0.296129408224333
0.258982087301518 0.374845748281305
0.224759571761091 0.326005082170231
0.249961146235589 0.347701110795421
0.305896287647727 0.404134061117061
0.250794078248858 0.349554808038844
0.130768316345522 0.211742147439763
0.128309939380498 0.211221804472974
0.190473298871791 0.29448313057765
0.256141495288637 0.374713570784107
0.223414974104451 0.325287952695732
0.252908206688614 0.35089709270242
0.309020333754332 0.405587407620099
0.252464624809688 0.350711697038103
0.132079611091543 0.215486100207233
0.129112555945182 0.213465363407743
0.190876306371759 0.294768612959789
0.257795148086811 0.374374953276336
0.223528349553399 0.323768211585851
0.25066386034353 0.349908311450955
0.30904045061463 0.40476895110977
0.251979133319826 0.349737907466829
0.131598791772532 0.213326034060023
0.127653866584316 0.211145521577626
0.191395117465691 0.29572907343009
0.254993219714282 0.374162122873066
0.223174904987053 0.324096615444361
0.253255634924036 0.349601175977411
0.30413095496452 0.401985616764951
0.253507779065553 0.350571740644548
0.131922951176662 0.215054218827297
0.126468039982631 0.208983551035001
0.192037613683119 0.296009602639163
0.254795449589734 0.371199361767054
0.226429546305749 0.326840493350666
0.253060079763531 0.350747873521392
0.306112628245518 0.403593600833783
0.25359008999897 0.352132065742955
0.132539299921073 0.214919216139795
0.127037266327591 0.211120394324112
0.190577143940129 0.297206596235119
0.211295213450798 0.354545816069229
0.186283282888262 0.311554487629896
0.201598379515288 0.327777872598673
0.241666396603529 0.37767170188808
0.197536006341349 0.324060319835533
0.104942383715658 0.194796626305547
0.10328642806444 0.195374844461995
0.158424375174909 0.282142568919186
